[parameters]
; the parameter ${PARAM} should have a ${PARAM}-min and ${PARAM}-max

; 0.00244935 +/- 5%
UISO_AL_ALUMINA-min = 0.0023268825
UISO_AL_ALUMINA-max = 0.0025718175

; 0.00330886 +/- 5%
UISO_O_ALUMINA-min = 0.003143417
UISO_O_ALUMINA-max = 0.003474303

; 0.306475 +/- 5%
X_O_ALUMINA-min = 0.29115125
X_O_ALUMINA-max = 0.32179875

; 0.351950 +/- 5%
Z_AL_ALUMINA-min = 0.3343525
Z_AL_ALUMINA-max = 0.3695475

; 4.760607 +/- 5%
A_ALUMINA-min = 4.52257665
A_ALUMINA-max = 4.99863735

; 12.996772 +/- 5%
C_ALUMINA-min = 12.3469334
C_ALUMINA-max = 13.6466106

; 216.657 +/- 5%
GU_ALUMINA-min = 205.82415
GU_ALUMINA-max = 227.48985

; -247.921 +/- 5%
GV_ALUMINA-min = -260.31705
GV_ALUMINA-max = -235.52495

; 158.064 +/- 5%
GW_ALUMINA-min = 150.1608
GW_ALUMINA-max = 165.9672
